t=[0:0.001:10]';
n=1000;
f= sin(2*pi*n*t);

